100
496.29868 1.26556 1929.28786
29.83561 2.95276 687.17031
344.00000 3.00000 353.00000
340.00000 2.00000 680.00000
117.0 3.0 1075.0
1.06557 3.49245 1999.30802
4.84 4.00000 1724.1577
247.0 2.0 400.0
20.17413 2.17693 1407.77813
64.18265 2.61856 972.87496
314.20399 3.36676 1193.64072
400.1 3.0639 1571.0
360.3 2.78458 2000.00
362.00000 2.00000 724.00000
493.92521 1.44858 1976.36396
33.26951 1.73466 1330.16988
143.0 2.38 841.0
493.53517 1.29304 1968.89227
366.0 4.0 1634.0
493.17287 1.43684 1924.62207
500.00000 1.0 1905.6704
1.05732 3.26679 1999.57683
207.58100 3.95897 1228.43890
495.79642 1.29702 1907.18165
277.0 3.0 1819.0
78.75430 1.31279 1554.83923
27.0 4.0 481.0
491.00213 1.46546 1953.01632
491.0 4.0 1356.0
139.0 2.7400 940.0
319.00000 4.00000 331.00000
486.0 3.0 591.0
167.23338 2.87294 1980.99336
270.0 3.75510 1.0000
148.06798 3.29339 729.10272
497.88033 1.11229 1983.29286
473.97 1.277 1950.9
455.78219 1.14376 1320.25461
393.00000 2.00000 786.00000
124.07631 2.51668 1008.72288
327.75421 3.36917 717.75960
353.720 2.0 674.0
1.42300 3.24296 2.43152
498.72018 1.32890 1973.30850
490.81913 1.39589 1974.91977
243.07602 1.13982 428.60878
495.22192 1.39815 1922.38572
494.80091 1.00029 1990.19049
498.09827 1.29990 1963.43833
495.30375 1.19362 1911.76694
495.28554 1.09032 1974.39613
124.73 3.8250 670.0
1.07073 3.17074 1999.60426
101.0 2.0 433.0
58.3136 3.0 1199.9
174.91875 3.02406 847.85103
146.0 2.7438 1831.69
369.06714 2.66714 648.6912
261.68 2.0 1375.73332
256.36299 3.06854 1250.37834
492.30555 1.46065 1950.24643
498.86153 1.30539 1972.15478
496.53731 1.02375 1921.71909
228.29271 3.01898 1471.14923
1.03005 3.13873 1999.13086
495.44592 1.04051 1925.57462
456.30414 3.26789 188.40687
207.995 2.1461 1801.48208
311.00000 4.00000 354.00000
491.04615 1.36655 1941.07360
493.61848 1.23337 1908.30773
367.00000 2.00000 734.00000
497.86389 1.49649 1940.00424
496.67441 1.44591 1941.03832
498.09374 1.29876 1974.34820
393.0 1.0 154.0
497.54067 1.20001 1998.81257
497.77280 1.44434 1980.93731
191.0 4.0 772.0
155.24431 2.46079 1543.32201
342.83981 1.27016 2.42439
4.51999 1.6 1047.02703
495.64483 1.17341 1978.51657
492.61333 1.28206 1936.04403
286.0 2.0 1836.0
495.03820 1.26509 1959.44171
497.80055 1.41711 1934.15582
153.0 4.0 602.0
498.46686 1.09777 1967.73686
498.83408 1.01096 1960.61830
490.59482 1.42005 1979.88938
496.97217 1.23665 1945.25729
495.52443 1.22059 1947.51957
4.0 1.0 580.0
148.99400 2.21452 947.31502
339.00000 3.00000 359.00000
492.12404 1.34547 1907.78619
26.0 4.0 357.0
399.4 1.00000 968.0
1.0 3.52 1758.46
